5511945402806
5511945402552
5511945399916
5511945397872
5511945396178
5511945390190
5511945388244
5511945385013
5511945373984
5511945373585
5511945372408
5511945368544
5511945360988
5511945359634
5511945358536
5511945350930
5511945346786
5511945340767
5511945335445
5511945332435
5511945330712
5511945329252
5511945326485
5511945325231
5511945322831
5511945322031
5511945312747
5511945302751
5511945301115
5511945297333
5511945288508
5511945287692
5511945286826
5511945276750
5511945275779
5511945275090
5511945272048
5511945271881
5511945268689
5511945267117
5511945266093
5511945263189
5511945260404
5511945241293
5511945233342
5511945231736
5511945231356
5511945228246
5511945227369
5511945222911
5511945220020
5511945215019
5511945213830
5511945210703
5511945205739
5511945204546
5511945203030
5511945202987
5511945202862
5511945200404
5511945199145
5511945194992
5511945193240
5511945178081
5511945177446
5511945173455
5511945172676
5511945171532
5511945168300
5511945167281
5511945158383
5511945156735
5511945154170
5511945154009
5511945145418
5511945141879
5511945138316
5511945134726
5511945133750
5511945132112
5511945114982
5511945113218
5511945107257
5511945101786
5511945098055
5511945088764
5511945081023
5511945077378
5511945063941
5511945061839
5511945051731
5511945050428
5511945046116
5511945042727
5511945042500
5511945040938
5511945038705
5511945026336
5511945025934
5511945024227
5511945022475
5511945021771
5511945020494
5511945019494
5511945006412
5511944993516
5511944992522
5511944987179
5511944986349
5511944985207
5511944974456
5511944974109
5511944973006
5511944962251
5511944959055
5511944955593
5511944952289
5511944951703
5511944941191
5511944932914
5511944932141
5511944925808
5511944921906
5511944920553
5511944915236
5511944911133
5511944910211
5511944908520
5511944904787
5511944903777
5511944901665
5511944897543
5511944888405
5511944885496
5511944885144
5511944867692
5511944867633
5511944859295
5511944858178
5511944854118
5511944847155
5511944840418
5511944840219
5511944833776
5511944824140
5511944820728
5511944818306
5511944795630
5511944784621
5511944779550
5511944771868
5511944771505
5511944743235
5511944742141
5511944736606
5511944728005
5511944723690
5511944722354
5511944721724
5511944716454
5511944715101
5511944711040
5511944709230
5511944704008
5511944701374
5511944700185
5511944699891
5511944686710
5511944685961
5511944684178
5511944682073
5511944671935
5511944671164
5511944656116
5511944652070
5511944650178
5511944632055
5511944629441
5511944625973
5511944622249
5511944615219
5511944614931
5511944614447
5511944614414
5511944610235
5511944600764
5511944561523
5511944556878
5511944552328
5511944552244
5511944544801
5511944543301
5511944539918
5511944537240
5511944533838
5511944532010
5511944529315
5511944524477
5511944522233
5511944520002
5511944518590
5511944516108
5511944512710
5511944506669
5511944500005
5511944499903
5511944499708
5511944498722
5511944497900
5511944496057
5511944495512
5511944495232
5511944494452
5511944494027
5511944493774
5511944493323
5511944491985
5511944490550
5511944489856
5511944481608
5511944477809
5511944477125
5511944468211
5511944459574
5511944459041
5511944456145
5511944451107
5511944449916
5511944449121
5511944445638
5511944430336
5511944426910
5511944424212
5511944421391
5511944419723
5511944415641
5511944408688
5511944354458
5511944331704
5511944321000
5511944280138
5511944264284
5511944227544
5511944220512
5511944219229
5511944088177
5511944037263
5511944028393
5511944021700
5511944019198
5511944000200
5511943997788
5511943995291
5511943992699
5511943990598
5511943990420
5511943986795
5511943980525
5511943978094
5511943970603
5511943968338
5511943965001
5511943960030
5511943953449
5511943953202
5511943950835
5511943950551
5511943942190
5511943941903
5511943938671
5511943935231
5511943927852
5511943913936
5511943913359
5511943910865
5511943907573
5511943897738
5511943894259
5511943890289
5511943886822
5511943882190
5511943874699
5511943872093
5511943868874
5511943853031
5511943839963
5511943836537
5511943835717
5511943834901
5511943833289
5511943826379
5511943823569
5511943814400
5511943812726
5511943811293
5511943809469
5511943798522
5511943796235
5511943790769
5511943789544
5511943789168
5511943777575
5511943777128
5511943776396
5511943774913
5511943772178
5511943771147
5511943764888
5511943759655
5511943749997
5511943749007
5511943744440
5511943744172
5511943739813
5511943739558
5511943733744
5511943728338
5511943726060
5511943725676
5511943716417
5511943706870
5511943700572
5511943694882
5511943693031
5511943692756
5511943689911
5511943689664
5511943687575
5511943682186
5511943675058
5511943664811
5511943658997
5511943654169
5511943653653
5511943646461
5511943643481
5511943640475
5511943637237
5511943629159
5511943625101
5511943617931
5511943611616
5511943601313
5511943598483
5511943597065
5511943596710
5511943595919
5511943594667
5511943594622
5511943592197
5511943589342
5511943582788
5511943573521
5511943571634
5511943562145
5511943550306
5511943549658
5511943525542
5511943523332
5511943514760
5511943514549
5511943513575
5511943509617
5511943508265
5511943505053
5511943503569
5511943499138
5511943495352
5511943494489
5511943494296
5511943493743
5511943492921
5511943490906
5511943489208
5511943487115
5511943480764
5511943475305
5511943474633
5511943473691
5511943469442
5511943451718
5511943444420
5511943439161
5511943439082
5511943439066
5511943425015
5511943422803
5511943421128
5511943420909
5511943420623
5511943418560
5511943410667
5511943407349
5511943398739
5511943396896
5511943386011
5511943378512
5511943363818
5511943359187
5511943357494
5511943342441
5511943341952
5511943341858
5511943338903
5511943310168
5511943305115
5511943298549
5511943298329
5511943298066
5511943297922
5511943297650
5511943297629
5511943297037
5511943295507
5511943295379
5511943294415
5511943294015
5511943291853
5511943291778
5511943291765
5511943290658
5511943281704
5511943279601
5511943274237
5511943273617
5511943269347
5511943268943
5511943268880
5511943266692
5511943266204
5511943265775
5511943265134
5511943264729
5511943264295
5511943262765
5511943261675
5511943261573
5511943261256
5511943261146
5511943260868
5511943260630
5511943258976
5511943258893
5511943258731
5511943257893
5511943257483
5511943257005
5511943256604
5511943256180
5511943255513
5511943254732
5511943254491
5511943252952
5511943252761
5511943252437
5511943252241
5511943251746
5511943251684
5511943251253
5511943251208
5511943250674
5511943250253
5511943250102
5511943246120
5511943245299
5511943239087
5511943238636
5511943233688
5511943233133
5511943232748
5511943229872
5511943229196
5511943228689
5511943226554
5511943224251
5511943222456
5511943222340
5511943222207
5511943221852
5511943220444
5511943220168
5511943218979
5511943210938
5511943205326
5511943195830
5511943193131
5511943188651
5511943188464
5511943187315
5511943177455
5511943166863
5511943166621
5511943144363
5511943134885
5511943129644
5511943125519
5511943117736
5511943115159
5511943107744
5511943104382
5511943100369
5511943097831
5511943082429
5511943081759
5511943076421
5511943075007
5511943071009
5511943070333
5511943053150
5511943052909
5511943047853
5511943044875
5511943030604
5511943024376
5511943022161
5511943019911
5511943015548
5511943013176
5511943002123
5511943000013
5511942985051
5511942975413
5511942967168
5511942960377
5511942960158
5511942952888
5511942943594
5511942934482
5511942914592
5511942912939
5511942906569
5511942898873
5511942873062
5511942870031
5511942869563
5511942869489
5511942868762
5511942868005
5511942865239
5511942864533
5511942864206
5511942861877
5511942861060
5511942857827
5511942857121
5511942851991
5511942851325
5511942848402
5511942840453
5511942840096
5511942834498
5511942834280
5511942833646
5511942832062
5511942827840
5511942823350
5511942815004
5511942813650
5511942809606
5511942805556
5511942804575
5511942803334
5511942802405
5511942799683
5511942789874
5511942783789
5511942783744
5511942781127
5511942775733
5511942766171
5511942765387
5511942762701
5511942761441
5511942760181
5511942757125
5511942754465
5511942752122
5511942747609
5511942747431
5511942746716
5511942740142
5511942739236
5511942738069
5511942734548
5511942729775
5511942729559
5511942725587
5511942722864
5511942714687
5511942712787
5511942703022
5511942694229
5511947366820
5511947366434
5511947366404
